1 4432 59710.30
4432 6 59710.30
6 222 59710.30
222 223 59710.30
223 26 59710.30
26 27 59710.30
27 9 59710.30
9 243 59710.30
243 244 59710.30
235 258 59710.30
258 2 59710.30
3 4 59825.20
5 6 8573.30
7 8 7919.50
9 10 293.70
11 12 553.90
13 12 305.10
14 15 91.50
16 17 3104.20
18 19 16352.40
19 18 16379.70
20 21 551.90
22 23 2847.90
24 25 111.50
26 27 274.60
28 29 251.50
30 31 76.20
32 33 973.10
34 35 36.20
36 336 12745.90
336 347 12745.90
347 377 12745.90
377 629 12745.90
629 682 12745.90
682 709 12745.90
709 712 12745.90
712 823 12745.90
823 988 12745.90
988 4457 12745.90
4457 265 12745.90
265 268 12745.90
268 1237 12745.90
1237 1270 12745.90
1270 1293 12745.90
1293 1325 12745.90
1325 1427 12745.90
1427 1494 12745.90
1494 37 12745.90
38 47 26077.40
47 2247 26077.40
2247 2206 26077.40
2206 2125 26077.40
2125 2103 26077.40
2103 2104 26077.40
2104 6256 26077.40
6256 2101 26077.40
2101 2053 26077.40
2053 1886 26077.40
1886 1887 26077.40
1887 1881 26077.40
1881 1744 26077.40
1744 1705 26077.40
1705 4465 26077.40
4465 1707 26077.40
1707 1696 26077.40
1696 236 26077.40
236 247 26077.40
247 242 26077.40
242 1631 26077.40
1631 1632 26077.40
1632 278 26077.40
278 273 26077.40
273 272 26077.40
272 1524 26077.40
1524 1574 26077.40
1574 1560 26077.40
1560 1554 26077.40
1554 1547 26077.40
1547 1541 26077.40
1541 1496 26077.40
1496 1495 26077.40
1495 1506 26077.40
1506 1430 26077.40
1430 1364 26077.40
1364 1336 26077.40
1336 1330 26077.40
1330 1307 26077.40
1307 1245 26077.40
1245 269 26077.40
269 270 26077.40
270 1089 26077.40
1089 956 26077.40
956 775 26077.40
775 598 26077.40
598 490 26077.40
490 361 26077.40
361 335 26077.40
335 39 26077.40
40 41 45.80
42 43 468.30
37 1520 13316.00
1520 1463 13316.00
1463 1513 13316.00
1513 1523 13316.00
1523 1561 13316.00
1561 275 13316.00
275 43 13316.00
43 1535 13316.00
1535 1569 13316.00
1569 276 13316.00
276 277 13316.00
277 1590 13316.00
1590 1615 13316.00
1615 234 13316.00
234 245 13316.00
245 240 13316.00
240 239 13316.00
239 4464 13316.00
4464 1704 13316.00
1704 1745 13316.00
1745 1903 13316.00
1903 1951 13316.00
1951 1862 13316.00
1862 2063 13316.00
2063 2097 13316.00
2097 6255 13316.00
6255 2087 13316.00
2087 2095 13316.00
2095 2162 13316.00
2162 2161 13316.00
2161 2106 13316.00
2106 2261 13316.00
2261 44 13316.00
44 38 13316.00
44 51 617.20
51 54 617.20
54 45 617.20
46 47 617.50
49 2372 1796.00
2372 2392 1796.00
2392 2367 1796.00
2367 2396 1796.00
2396 2359 1796.00
2359 2368 1796.00
2368 2363 1796.00
2363 2371 1796.00
2371 50 1796.00
51 2379 906.90
2379 2283 906.90
2283 2158 906.90
2158 4434 906.90
4434 2386 906.90
2386 52 906.90
53 2378 875.20
2378 54 875.20
55 85 2218.90
85 75 2218.90
75 73 2218.90
73 71 2218.90
71 56 2218.90
2569 2525 1901.50
2525 60 1901.50
60 2442 1901.50
2442 2445 1901.50
2445 2390 1901.50
2390 49 1901.50
49 46 1901.50
46 57 1901.50
57 45 1929.40
45 2414 1929.40
2414 2419 1929.40
2419 63 1929.40
63 59 1929.40
59 58 1929.40
59 60 60.10
61 62 86.00
63 64 44.60
65 56 84.70
58 69 900.10
69 66 900.10
66 82 1276.20
82 83 1276.20
83 67 1276.20
68 69 29.80
58 70 110.60
71 72 56.60
73 74 58.20
75 76 97.80
78 79 433.60
79 78 422.60
80 81 226.60
82 83 356.90
84 85 247.30
86 2899 960.70
2899 2949 960.70
2949 2934 960.70
2934 3009 960.70
3009 2900 960.70
2900 2983 960.70
2983 87 960.70
88 89 26.40
89 88 26.40
90 117 518.20
92 3026 753.60
3026 2994 753.60
2994 2960 753.60
2960 3022 753.60
3022 93 753.60
94 3042 763.10
3042 95 763.10
96 97 137.40
98 99 115.60
101 102 130.80
105 106 20.30
107 108 90.60
109 110 27.90
111 112 113.50
8 55 1438.70
114 115 510.70
116 117 337.40
118 119 150.90
120 121 263.20
122 123 24.20
124 125 222.30
126 121 1039.70
121 3169 1039.70
3169 3200 1039.70
3200 9007 1039.70
9007 9008 1039.70
9008 195 1039.70
195 3383 1039.70
3383 127 1039.70
123 128 269.70
129 130 70.30
131 132 313.10
133 134 128.00
135 9001 979.70
9001 9004 979.70
9004 3268 979.70
3268 9005 979.70
9005 3213 979.70
3213 131 979.70
132 9002 837.20
9002 9003 837.20
9003 140 837.20
140 142 837.20
142 143 837.20
143 3517 837.20
3517 136 837.20
138 139 114.40
137 138 121.40
134 140 607.20
141 142 273.40
143 3404 2000.90
3404 9001 2000.90
9001 3411 2000.90
3411 144 2000.90
146 3418 1764.10
3418 3453 1764.10
3453 3463 1764.10
3463 3425 1764.10
3425 3475 1764.10
3475 3484 1764.10
3484 3504 1764.10
3504 3499 1764.10
3499 3469 1764.10
3469 3488 1764.10
3488 3474 1764.10
3474 3485 1764.10
3485 3427 1764.10
3427 3346 1764.10
3346 3399 1764.10
3399 3376 1764.10
3376 205 1764.10
205 147 1764.10
144 133 151.10
148 149 585.20
149 150 588.80
151 152 50.60
136 153 255.30
152 154 69.80
155 156 25.20
157 158 18.40
80 160 947.10
160 3758 947.10
3758 3760 947.10
3760 3703 947.10
3703 3719 947.10
3719 3660 947.10
3660 159 947.10
160 161 176.90
162 163 617.70
159 164 731.60
164 165 293.40
166 167 110.50
165 81 91.50
168 165 8.20
169 170 876.40
171 172 102.30
173 174 25.40
175 176 90.10
177 177 0.00
173 178 25.70
172 175 215.80
179 180 283.10
181 182 267.30
183 184 55.70
185 186 2968.50
187 188 41.90
189 190 35.80
191 192 591.30
193 193 0.00
194 195 201.60
5 196 185.90
197 198 111.30
199 200 155.20
201 202 206.80
203 204 269.80
205 206 81.90
207 208 41.60
209 181 135.30
210 211 104.70
212 213 49.90
214 215 265.40
216 217 185.60
218 219 239.00
220 221 403.70
222 223 118.30
224 225 64.50
226 227 358.80
228 229 207.60
230 231 231.30
232 233 433.00
234 235 195.50
236 237 257.70
238 239 436.30
240 241 95.80
242 243 107.70
244 245 78.20
246 247 196.50
248 248 0.00
17 36 1474.20
17 36 1476.40
39 22 1472.20
39 22 1471.00
67 114 372.10
249 250 162.20
31 251 158.20
252 253 148.10
254 255 806.70
15 256 64.70
257 30 48.80
258 259 692.40
260 261 648.50
12 262 330.10
263 264 109.10
265 266 855.80
267 268 814.50
269 270 1078.20
271 272 310.10
273 42 274.90
274 275 140.90
276 277 394.30
278 279 208.30
12 280 1625.80
15 281 1410.20
282 19 14823.20
283 284 1561.90
284 285 311.00
286 287 3050.00
288 289 2810.40
290 291 9882.10
292 293 5596.50
294 295 6375.60
296 297 4043.30
298 299 1177.50
300 301 14963.20
302 303 2642.00
304 305 22.80
305 306 20009.70
307 308 1679.70
309 310 2158.70
309 311 1043.90
299 312 2923.10
313 314 294.60
315 316 49070.90
317 318 2299.90
284 30 580.60
319 320 442.80
321 322 77.50
323 324 54.30
325 326 1203.10
327 328 603.20
329 330 1872.70
331 332 267.50
325 333 128.00
334 335 464.30
336 337 668.90
325 338 3488.20
339 340 176.60
341 342 836.40
343 344 140.10
345 346 167.10
347 348 494.00
349 350 206.60
351 352 509.90
353 354 192.90
355 356 208.60
334 357 1031.50
358 359 213.90
360 361 131.50
362 363 193.60
364 365 961.90
366 367 17.40
368 369 104.10
370 371 163.60
372 373 43.10
374 375 366.10
376 377 2059.90
378 379 621.70
341 380 320.40
381 382 321.30
382 383 112.30
384 385 394.60
386 387 445.60
388 389 371.90
390 365 479.30
391 392 203.70
393 394 123.10
395 396 90.00
397 398 381.10
399 397 258.80
400 401 375.20
402 403 384.00
404 405 461.00
406 407 124.50
408 409 65.70
410 411 1458.90
412 413 95.30
414 415 46.80
416 417 383.00
418 419 604.30
357 420 1050.00
421 422 251.80
423 424 636.70
425 426 290.10
427 428 155.20
429 430 415.10
431 432 216.00
433 434 209.90
435 436 51.50
330 437 1749.50
438 439 121.70
440 441 190.00
442 443 385.50
444 442 447.60
445 446 195.80
447 448 191.60
449 450 145.20
443 451 371.20
452 453 139.50
365 454 350.10
455 456 624.90
457 458 73.20
459 460 1151.40
461 462 99.10
463 464 771.40
452 465 195.00
466 467 1033.60
468 469 1565.30
470 471 844.30
472 473 69.30
474 475 382.30
379 423 217.30
476 477 252.90
478 479 643.90
480 481 59.30
482 483 279.90
484 485 346.20
486 487 113.40
488 489 625.70
490 491 168.50
492 493 166.80
494 495 367.80
496 497 657.90
498 499 1034.70
500 501 59.80
502 503 204.80
498 504 280.80
505 501 228.60
501 506 266.00
507 508 286.40
509 510 114.80
511 512 701.10
493 513 110.00
514 515 529.40
516 517 71.00
518 519 173.10
520 521 92.70
522 523 414.60
524 525 240.10
526 527 90.10
528 529 186.10
517 530 259.60
531 532 188.10
533 534 134.00
535 536 50.50
537 538 336.10
539 540 314.00
541 542 75.70
543 544 232.30
545 546 151.40
547 548 243.50
549 550 255.20
551 552 704.60
553 554 286.20
555 556 864.90
557 558 70.70
528 559 122.00
528 560 111.00
561 562 165.70
563 534 659.70
564 565 490.90
566 567 212.20
568 569 1249.10
570 571 462.50
572 573 175.00
574 575 184.80
576 577 93.30
578 579 254.20
580 581 1553.50
582 583 801.40
584 585 190.40
586 570 386.10
587 588 203.00
589 590 118.70
591 592 182.40
593 594 337.20
595 553 84.20
596 597 172.50
598 599 90.90
600 601 45.40
602 595 290.40
595 603 473.30
604 605 244.10
606 607 80.30
608 609 96.80
610 611 242.70
612 613 294.80
614 615 139.40
616 617 105.50
618 619 98.80
592 593 83.10
620 621 117.00
622 623 262.00
624 625 121.80
626 627 396.60
628 629 189.90
630 631 136.30
632 633 238.80
634 635 835.90
636 637 127.20
552 638 147.40
639 640 203.90
641 642 58.30
643 644 76.00
615 645 178.50
646 647 132.90
648 649 134.20
650 651 208.90
652 653 131.20
654 655 60.20
552 656 62.70
654 657 223.90
658 659 1623.10
660 468 177.20
661 662 795.10
663 664 105.90
665 556 232.50
665 666 95.40
667 668 404.50
669 670 217.70
671 665 707.50
672 673 112.00
674 675 595.00
676 677 96.50
678 679 114.60
680 681 128.50
682 683 112.80
684 685 71.80
686 687 170.20
688 689 578.80
690 691 144.10
692 678 223.40
693 694 200.20
695 696 169.80
697 698 117.00
699 700 260.80
338 701 742.70
702 703 372.40
704 705 68.40
706 707 75.40
708 635 372.60
709 710 178.30
711 712 1244.60
713 714 149.80
715 716 1409.40
717 718 431.30
719 720 239.50
721 722 989.00
723 724 321.00
725 726 489.00
727 728 474.10
729 730 931.30
731 732 115.60
733 734 347.20
735 736 89.00
737 738 599.60
739 740 206.40
741 742 160.00
701 743 1758.50
744 745 101.00
746 747 749.40
748 749 630.10
750 716 584.00
751 752 94.60
753 754 558.50
755 756 1269.30
757 758 203.80
759 760 1183.90
761 762 753.20
763 764 541.60
765 766 424.10
767 768 91.30
769 770 1129.70
771 772 198.10
773 774 63.60
775 776 2710.60
777 778 292.80
778 779 727.00
780 781 610.70
782 783 231.50
784 785 740.20
786 787 501.40
788 789 334.60
790 791 672.30
792 793 1927.80
794 795 320.50
796 721 388.90
797 798 759.70
799 800 433.60
801 802 2234.50
803 804 134.30
782 805 134.10
806 794 141.90
807 808 427.40
809 810 240.20
811 812 43.90
813 814 238.90
815 816 667.60
794 817 323.70
818 819 152.10
820 821 103.90
822 823 358.50
824 825 901.60
813 826 73.50
827 828 335.90
829 830 380.80
831 832 769.50
817 833 830.60
834 835 126.20
836 837 852.40
838 839 1334.70
810 840 122.90
841 842 145.30
843 844 252.90
845 846 122.90
847 848 1353.20
849 850 135.60
851 852 842.60
853 854 177.20
839 855 481.80
817 856 93.30
857 858 1065.80
859 860 91.40
861 862 171.10
863 864 673.30
865 866 834.10
867 868 180.60
869 870 93.00
871 872 97.60
873 874 437.50
875 876 101.20
877 878 300.90
798 879 789.60
880 881 796.20
882 883 705.60
884 885 69.00
886 887 350.20
888 889 538.80
890 891 671.50
892 893 318.70
894 895 471.50
896 897 56.30
885 898 167.90
899 885 144.40
900 901 81.60
839 902 183.10
903 904 148.50
905 906 681.00
907 908 310.20
909 910 241.40
911 912 583.70
913 914 214.50
915 916 63.10
917 918 302.00
919 920 91.30
921 922 630.00
923 924 181.30
925 926 89.70
927 928 152.70
929 930 186.40
931 932 189.90
933 934 159.20
935 936 111.50
937 938 330.70
939 940 57.60
941 942 193.80
943 944 112.30
945 946 258.40
947 948 208.80
949 950 194.10
951 952 655.80
922 953 409.60
954 955 743.80
956 957 5190.30
958 959 158.50
960 961 378.30
962 825 131.40
963 964 56.20
965 966 585.40
967 968 374.40
969 970 524.80
946 971 122.30
972 973 881.80
974 975 259.30
976 977 214.80
978 979 71.00
980 981 81.10
982 983 598.30
984 985 57.80
986 987 11.30
988 989 1109.00
990 991 159.60
992 989 337.90
993 994 86.20
995 996 235.40
997 998 117.90
999 998 386.30
743 1000 257.90
1001 743 1127.60
1002 1003 364.40
1004 1005 151.60
1006 1007 258.00
1008 905 507.30
905 1009 343.60
1010 1011 1684.80
1012 1013 310.50
1014 1015 105.10
1016 1017 147.30
1018 1019 267.30
1020 1021 746.60
1022 1023 523.40
1024 1025 110.20
1024 1026 144.90
1027 1028 255.00
1029 1030 193.20
1031 1032 2046.20
1033 1034 246.30
1016 1035 382.20
1036 1016 231.80
1037 1038 98.20
1039 1040 484.10
1041 1042 171.70
1043 1044 122.30
1045 1046 53.70
966 1047 284.20
1048 966 676.90
1049 1050 56.90
1051 1052 396.50
1053 1054 171.60
1055 1056 294.80
1057 1058 61.70
1059 1060 459.10
1061 1062 115.30
1063 1064 250.50
1030 1065 154.00
1066 1067 248.70
1008 1068 799.70
1069 1008 3003.10
1070 1071 10.60
1072 1073 452.10
1074 1075 127.70
1076 1077 604.90
1078 1079 183.40
1080 1081 131.30
1082 1083 220.50
1084 1085 147.30
1086 1087 8620.40
1088 1089 860.60
1090 1091 130.50
1092 1093 168.50
1094 1095 303.20
1047 1096 660.10
1090 1097 449.20
1090 1098 1684.80
1099 1100 94.10
1101 1102 629.80
1103 1104 695.10
1105 1106 729.30
1107 1108 367.40
1109 1110 359.60
1111 1112 173.00
1113 1114 238.30
1115 1116 128.80
1117 1118 717.00
1119 1120 93.20
1121 1122 182.10
1083 1123 133.40
1124 1125 211.30
1126 1127 18.60
1128 1102 357.30
1129 1130 114.60
1131 1132 111.10
1133 1134 154.10
1135 1136 164.50
1137 1138 56.20
1139 1140 103.80
1141 1142 297.80
1143 1144 106.70
1072 1145 339.10
1146 1147 360.30
1148 1149 160.40
1125 1150 183.00
1125 1068 1210.70
1151 1152 172.90
1069 1150 1745.70
1153 1154 717.60
1155 1156 474.00
1157 1158 252.90
1159 1160 192.10
1161 1162 443.80
1163 1164 1585.40
1165 1166 434.90
1167 1168 213.20
1169 1170 1044.40
1171 1147 767.00
1172 1173 117.00
1174 1175 1097.30
1176 1147 29.60
1068 1177 627.40
1178 1179 1142.90
1180 1181 288.10
1182 1183 297.10
1184 1185 159.50
1186 1187 294.30
1188 1189 403.10
1190 1191 563.70
1192 1193 260.10
1194 1195 2017.60
1196 1197 1190.10
1198 1174 255.40
1174 1199 1999.00
1200 1201 109.50
1202 1203 422.80
1204 1205 2020.30
1206 1207 337.20
1208 1209 149.30
1210 1211 67.30
1212 1098 785.30
1213 1214 70.60
1215 1216 69.10
1217 1218 425.90
1219 1220 773.10
1221 1222 220.80
1223 1224 96.10
1225 1226 788.20
1227 1228 323.20
1229 1230 111.50
1231 1232 103.90
1233 1234 158.10
1235 1189 1285.70
1236 1231 649.60
1237 1238 289.90
1239 1240 465.90
1241 1242 537.50
1239 1243 33.50
1244 1239 1033.90
1240 1245 52.80
1242 1246 544.10
1247 1248 281.20
1249 1250 248.00
1177 1251 458.00
1177 1252 412.70
1253 1254 6255.70
1217 1255 172.40
1240 1256 954.40
1257 1258 472.30
1259 1260 454.80
1261 1262 1130.00
1263 1264 222.90
1265 1266 196.00
1267 1268 318.60
1269 1270 97.50
1271 1272 171.30
1273 1274 150.90
1197 1275 690.30
1276 1277 628.00
1278 1279 292.70
1212 1280 94.00
1281 1282 124.60
1283 1284 153.80
1285 1286 116.40
1287 1288 373.40
1289 1290 199.80
1291 1292 1096.50
1293 1294 169.30
1197 1295 247.20
1296 1297 115.60
1294 1298 473.10
1299 1300 76.10
1301 1302 158.90
1303 1299 274.80
1298 1304 282.30
1305 1306 1041.40
1307 1308 38.40
1309 1310 121.40
1311 1256 449.00
1312 1069 529.90
1313 1314 442.40
1315 1316 350.00
1317 1318 204.90
1319 1320 93.10
1321 1322 144.20
1323 1324 645.50
1303 1325 39.20
1326 1327 69.90
1328 1329 49.80
1330 1331 352.40
1332 1333 221.70
1334 1335 118.70
1336 1337 274.10
1338 1339 146.20
1340 1341 114.90
1342 1343 129.90
1344 1345 696.70
1346 1164 863.50
1347 1348 444.50
1349 1350 167.20
1351 1352 171.90
1353 1354 396.20
1355 1356 77.80
1357 1358 957.80
1359 1235 960.60
1360 1361 1497.40
1362 1363 125.10
1364 1365 273.10
1366 1367 219.30
1368 1369 184.80
1370 1371 293.40
1261 1372 350.90
1373 1374 337.80
1375 1376 222.80
1377 1314 274.20
1312 1378 933.70
1312 1379 1355.90
1380 1381 63.10
1382 1383 282.20
1384 1385 288.00
1386 1387 132.50
1388 1389 459.00
1390 1391 89.30
1392 1357 126.20
1393 1394 13.90
1395 1396 194.40
1365 1397 58.20
1398 1399 210.00
1400 1401 178.50
1402 1395 205.80
1395 1403 126.60
1404 1405 699.30
1406 1407 510.60
1408 1409 314.40
1410 1411 481.10
1412 1413 504.30
1414 1415 52.60
1416 1417 390.20
1418 1407 959.70
1419 1420 574.00
1388 1401 202.30
1421 1422 308.10
1423 1424 249.60
1425 1426 470.80
1379 1427 523.50
1428 1429 123.50
1430 1431 218.00
1432 1433 2014.30
1434 1435 1035.90
1436 1437 333.10
1438 1439 72.70
1439 1440 142.40
1441 1442 278.10
1443 1444 236.40
1445 1446 222.50
1447 1448 360.30
1449 1450 1141.60
1451 1452 137.20
1453 1454 417.90
1455 1456 312.10
1457 1458 253.30
1459 1449 355.10
1460 1461 244.50
1449 1462 452.10
1463 1464 1153.80
1465 1466 144.00
1467 1468 185.20
1469 1470 140.60
1471 1472 9783.90
1473 1474 299.90
1435 1475 138.80
1476 1477 84.70
1478 1479 186.00
1480 1481 82.90
1482 1483 135.50
1484 1485 776.70
1486 1487 33.90
1488 1489 375.10
1490 1491 345.70
1492 1490 357.00
1493 1494 335.00
1495 1496 473.40
1497 1498 2949.20
1499 1500 849.20
1501 1502 155.20
1503 1504 266.80
1505 1506 682.40
1507 1508 99.90
1509 1510 158.20
1253 1511 1117.90
1512 1513 541.60
1514 1515 345.00
1516 1517 73.60
1518 1519 294.90
1520 1521 311.60
1522 1517 460.70
1517 1523 485.70
1524 1525 817.60
1509 1526 598.70
1527 1528 345.90
1529 1530 252.40
1531 1532 229.30
1533 1534 994.10
1535 1536 1026.60
1537 1538 251.30
1539 1540 122.40
1541 1542 173.80
1543 1538 262.40
1544 1545 197.30
1546 1543 275.70
1547 1548 253.30
1549 1550 321.40
1551 1552 646.20
1553 1554 314.90
1555 1556 1440.20
1557 1558 2358.40
1559 1560 428.50
1561 1562 480.80
1563 1564 242.50
1565 1566 188.40
1567 1568 165.60
1569 1570 710.00
1571 1572 108.90
1573 1574 585.40
1575 1566 302.50
276 1566 718.00
1576 1577 91.50
1578 1543 444.20
1579 1580 150.20
1581 1582 593.90
1583 1584 190.90
43 1585 482.90
279 1586 525.80
1587 1588 582.90
1589 1590 551.30
1591 1592 944.60
1593 1594 83.40
277 1595 375.40
1596 1597 101.20
1598 1599 250.30
1600 1601 129.00
1602 1598 249.40
1603 1604 169.50
1605 1606 1242.20
1607 42 944.50
1608 1609 178.60
1610 1611 3539.70
1611 1611 0.00
1612 1613 52.40
1614 1615 345.80
1616 1617 83.80
1618 1619 194.30
1620 1598 74.70
1621 1622 693.80
1623 1624 504.80
1625 1626 233.30
1627 1628 163.50
1629 1630 207.50
1631 1632 277.90
1633 1634 271.30
1635 1636 391.30
1637 1635 1070.00
1638 1639 247.20
1640 1591 155.40
1641 1591 3350.00
1642 1643 52.00
1644 1645 122.40
1646 1647 422.10
1648 1649 204.40
1650 1651 128.60
1652 1653 654.00
1654 1655 693.30
1656 1657 306.70
1658 1659 90.00
1660 1661 153.00
1662 1663 148.60
1664 1665 34.90
1666 1667 291.40
1668 1669 96.70
1670 1671 598.60
1672 1673 44.30
1674 1675 255.10
1676 1677 1644.90
1678 1679 157.80
1680 1681 347.40
1682 1683 284.20
1684 1685 528.90
1686 1687 241.50
1688 1689 64.30
1675 1690 627.60
1691 1692 9419.00
1693 1694 282.00
1695 1696 381.20
1697 1698 260.60
1699 1700 697.00
1701 1702 827.80
1703 1704 519.80
1705 1706 360.80
1707 1708 253.60
1709 1710 254.20
1711 1712 205.00
1713 1714 128.30
1715 1716 91.30
1717 1718 205.80
1719 1720 527.30
1721 1722 126.90
1723 1724 502.60
1725 1726 309.20
1655 1727 778.70
1728 1729 196.90
1730 1731 874.20
1695 1732 1245.40
1733 1734 713.60
1735 1736 72.40
1737 1738 1054.80
1739 1740 101.40
1741 1742 290.10
1743 1744 1734.80
1745 1746 364.40
1724 1747 308.00
1748 1749 250.30
1741 1750 284.30
1751 1741 314.60
1741 1752 102.60
1753 1754 328.90
1755 1756 198.40
1757 1758 73.30
1759 1760 39.40
1761 1762 336.70
1763 1764 320.20
1765 1766 37.90
1767 1768 110.80
1769 1770 305.10
1771 1772 311.40
1773 1774 122.10
1775 1776 731.50
1777 1778 145.60
1779 1780 131.90
1780 1781 238.30
1782 1783 310.50
1784 1785 181.00
1786 1787 1393.20
1788 1789 327.30
1790 1791 445.00
1792 1793 155.20
1778 1794 170.40
1795 1796 357.70
1797 1798 252.80
1799 1800 181.60
1801 1802 182.60
1803 1804 176.00
1805 1806 1206.60
1733 1807 400.80
1808 1809 270.80
1810 1811 380.90
1812 1813 99.80
1814 1815 461.20
1816 1817 157.90
1818 1819 412.50
1820 1821 135.40
1822 1823 206.60
1824 1825 148.80
1814 1826 314.70
1827 1772 155.30
1828 1829 141.80
1830 1831 1511.00
1832 1833 289.60
1834 1835 113.60
1836 1837 206.50
1838 1839 140.70
1840 1841 88.90
1842 1827 126.30
1843 1844 109.90
1845 1846 418.50
1706 1847 1335.80
1848 1849 284.40
1850 1851 322.90
1852 1853 27.60
1854 1855 222.10
1856 1857 94.60
1790 1858 309.50
1842 1859 213.70
1860 1861 904.90
1862 1842 1798.60
1863 1864 77.60
1865 1866 149.80
1867 1868 330.40
1869 1870 435.00
1871 1872 268.80
1873 1874 541.60
1857 1875 655.50
1876 1877 268.00
1878 1879 206.70
1880 1881 432.30
1882 1883 231.10
1884 1885 136.50
1886 1887 1254.00
1858 1854 105.70
1888 1889 34.70
1890 1885 234.40
1891 1892 80.40
1893 1894 66.70
1895 1896 183.20
1858 1897 209.70
1898 1899 526.90
1900 1867 950.10
1895 1901 139.60
1902 1860 57.50
1903 1904 356.00
1905 1880 395.90
1906 1907 118.30
1908 1901 225.40
1909 1910 257.30
1911 1912 206.20
1913 1914 171.90
1899 1915 260.80
1916 1917 592.00
1918 1919 256.50
1920 1921 690.20
1922 1923 354.70
1924 1925 361.20
1926 1927 850.50
1928 1929 385.60
1930 1931 311.10
1932 1933 222.40
1875 1934 448.70
1935 1936 129.90
1937 1938 386.20
1939 1940 231.60
1941 1942 1030.50
1943 1944 361.10
1945 1946 598.60
1947 1948 18.00
1949 1950 1870.00
1951 1952 419.70
1953 1954 49.70
1943 1955 490.70
1956 1957 146.50
1958 1959 80.80
1960 1961 434.20
1962 1963 151.60
1964 1965 68.20
1966 1967 312.20
1968 1969 1014.20
1970 1971 140.70
1972 1973 55.40
1974 1975 711.70
1976 1977 61.30
1978 1979 348.70
1980 1981 153.00
1923 1982 410.50
1983 1984 125.30
1985 1986 18.60
1987 1988 531.40
1989 1990 124.60
1831 1991 130.80
1992 1993 163.10
1994 1995 80.40
1996 1997 283.80
1998 1999 64.10
2000 2001 287.40
2002 2003 124.00
2004 2005 980.10
2006 2007 277.20
2008 2009 519.50
2010 2011 442.70
2012 2013 46.80
2014 1926 189.70
2015 2016 107.50
2017 2018 497.90
2019 1966 455.60
2020 2021 386.20
2022 2023 122.20
2024 2025 106.00
2008 2026 300.40
2027 1743 763.10
2028 2029 102.70
2030 2031 1057.90
2032 2033 272.80
2034 2035 67.60
2036 2037 315.00
2038 2039 230.50
2040 2041 342.40
2042 2043 235.20
2044 2045 104.50
2046 2047 1185.30
2048 2049 602.80
2050 2051 377.90
2052 2053 744.00
2054 2055 371.80
2056 2057 214.00
2058 2059 70.00
2060 2061 371.50
2062 2043 44.90
2043 2063 1471.40
2037 2064 168.40
2065 2066 178.00
2067 2068 68.60
2069 2070 108.80
2071 2072 293.60
2073 2074 293.70
2075 2076 79.60
2077 2078 1124.00
2079 2080 298.30
2057 2081 126.90
2082 2083 476.40
2084 2085 29.90
2086 2087 749.50
1968 2088 583.90
2089 2077 369.50
2090 2091 3264.60
2092 2093 235.20
2094 2095 885.40
2096 2097 150.20
2098 2099 845.90
2093 2100 246.50
2101 2102 168.50
2103 2104 369.40
2105 2106 1541.70
2107 2108 426.10
2109 2110 1274.40
2111 2112 431.90
2113 2114 1026.90
2115 2116 195.80
2117 2118 6205.70
2119 2120 109.70
2121 2122 440.70
2123 2124 181.20
2125 2126 1400.10
2127 2128 162.00
2129 2130 921.50
2131 2132 5887.40
2133 2134 3276.70
2135 2136 393.60
2137 2138 360.90
2139 2099 116.80
2140 2141 60.20
2142 2143 250.10
2144 2145 1431.80
2146 2147 448.60
2148 2149 640.20
2150 2151 205.70
2152 2153 229.60
2154 2155 375.80
2156 2157 277.80
2157 2166 2105.70
2166 2169 2105.70
2169 2173 2105.70
2173 2192 2105.70
2192 2212 2105.70
2212 2235 2105.70
2235 2260 2105.70
2260 2266 2105.70
2266 2298 2105.70
2298 9010 2105.70
9010 2330 2105.70
2330 2158 2105.70
2157 2159 203.10
2160 2161 306.40
2162 2160 162.30
2163 2164 151.20
2165 2166 158.90
2167 2168 61.50
2169 2170 162.10
2171 2172 1024.10
2173 2159 177.50
2174 2183 1121.20
2183 2211 1121.20
2211 2182 1121.20
2182 2239 1121.20
2239 2175 1121.20
2176 2177 292.00
2178 2179 2247.70
2180 2181 70.90
2182 2183 724.50
2184 2185 315.70
2186 2187 159.20
2188 2189 62.40
2190 2191 513.00
2192 2188 191.40
2193 2194 471.20
2195 2196 148.30
2197 2198 702.40
2199 2200 411.40
2201 2202 267.70
2203 2204 253.40
2205 2206 443.00
2191 2207 566.90
2208 2209 395.50
2210 2211 171.40
2212 2213 104.20
2214 2215 172.00
2216 2217 560.60
2218 2219 118.90
2220 2221 44.50
2222 2223 301.20
2224 2225 94.70
2226 2227 1349.50
2228 2229 78.90
2230 2231 521.80
2232 2233 70.60
2234 2235 255.60
2236 2237 115.60
2238 2239 67.10
2240 2241 483.00
2242 2248 162.10
2248 2243 162.10
2244 2245 169.00
2246 2247 413.30
2248 2249 45.70
2250 2251 284.90
2252 2253 123.00
2254 2255 141.30
2256 2257 721.80
2258 2259 1070.10
2260 2262 624.60
2262 2208 624.60
2208 2175 624.60
2175 2242 624.60
2242 2222 624.60
2222 2252 624.60
2252 2273 624.60
2273 2261 624.60
2262 2267 153.70
2267 2263 153.70
2264 2265 970.80
2266 2267 284.30
2268 2269 85.40
2266 2270 131.00
2271 2272 163.00
2273 2274 270.20
2275 2276 148.50
2277 2278 886.20
2279 2280 179.10
2281 2282 141.00
2263 2309 830.40
2309 2290 830.40
2290 2283 830.40
2284 2285 156.00
2286 2287 525.00
2288 2289 1162.10
2290 9010 349.80
9010 2315 349.80
2292 2293 283.80
2294 2295 165.40
2296 2297 322.90
2298 2317 1215.00
2317 2301 1215.00
2301 2300 1215.00
2300 2339 1215.00
2339 52 1215.00
2299 2300 829.80
2301 2305 244.90
2305 2302 244.90
2303 2304 165.70
2305 2306 139.80
2307 2308 543.00
2309 2303 197.50
2303 2310 197.50
2311 2312 140.80
2313 2314 108.10
2315 2316 183.30
2317 2323 116.00
2323 2318 116.00
2319 2320 435.80
2321 2322 229.40
2323 2324 90.50
2325 2326 185.30
2327 2328 429.20
2329 44 210.40
2330 2331 11.40
2332 2333 143.60
2334 2348 172.70
2348 2329 172.70
2329 2310 172.70
2318 2335 100.60
2336 2337 486.90
2338 2374 511.60
2374 2339 511.60
38 57 527.90
2340 4435 466.80
4435 2341 466.80
2342 2343 214.40
2344 2345 106.10
2346 2347 310.20
2348 2349 68.50
2350 2351 303.20
2352 2353 44.20
2354 2355 237.20
51 2373 1468.40
2373 2288 1468.40
2288 2365 1468.40
2365 2344 1468.40
2344 2358 1468.40
2358 2353 1468.40
2353 2361 1468.40
2361 2227 1468.40
2227 2362 1468.40
2362 2357 1468.40
2358 2359 423.50
2360 2361 204.80
2362 2363 258.40
2364 2365 227.00
2366 2367 443.90
2368 2369 523.00
2370 2371 316.40
2372 2373 440.90
2374 2375 119.10
2376 2377 302.80
2378 2379 22.80
2380 2381 205.90
2382 2383 79.00
2384 2385 72.80
2386 2387 90.40
2388 2364 274.60
2389 2411 2365.50
2411 2425 2365.50
2425 2424 2365.50
2424 2390 2365.50
2391 2392 141.00
2393 2394 340.30
2395 2396 169.10
2397 318 3628.70
2398 2399 136.30
2400 2398 132.30
2401 2402 1088.50
2402 2403 184.90
52 53 23.90
2404 2405 363.40
2406 53 46.50
2407 53 458.00
2408 2409 343.60
2410 2411 660.70
2412 2413 142.30
2398 2414 169.80
2410 2415 102.30
2415 2416 434.40
2417 2418 993.20
2419 2420 391.80
2421 2422 83.00
2402 2415 70.40
2423 2424 306.30
2425 2426 1066.70
2427 2428 128.30
2429 2430 905.70
2431 2432 173.70
2420 2433 240.30
2432 2434 99.20
2435 2436 102.70
2437 2438 1918.70
2439 2440 522.10
2441 2442 409.90
2443 2444 273.30
2445 2446 194.60
2433 2447 372.70
2448 2449 497.60
2450 2451 874.90
2452 2448 348.70
2453 2454 246.90
2455 2456 445.20
2457 2458 187.40
2459 2460 313.50
2461 2462 60.30
2463 2464 276.00
2465 2466 522.90
2467 2468 686.30
2469 2461 365.30
2470 2471 4616.00
2472 2437 305.60
2473 2474 302.60
2475 2476 67.20
2476 2477 136.20
2478 2479 232.80
2480 2481 423.30
2482 2483 167.20
2484 2485 111.30
2486 2487 166.70
2488 2489 150.70
2447 2490 1623.20
2491 2492 1100.10
2474 2451 150.80
2440 2493 258.50
2494 2495 603.30
2440 2465 865.60
2496 2497 178.00
2451 2437 543.20
2498 2499 93.20
2500 2501 212.40
2502 2503 316.00
2504 2505 100.80
2506 2507 2189.40
2508 2509 640.50
2510 2511 72.30
2512 2513 954.60
2514 2465 77.70
2515 2497 352.20
2516 2517 375.20
2497 2518 379.60
2519 2520 715.00
2521 2522 291.80
2523 2524 239.00
2525 2514 176.30
2526 2527 35.30
2505 2528 445.60
2514 2529 182.00
2530 2514 137.90
2531 2532 186.10
2533 2534 69.00
2535 2536 491.70
2518 2537 153.70
2518 2538 333.00
2539 2540 165.80
2529 2541 326.70
2542 2529 136.40
2522 2543 602.20
2544 2545 54.80
2546 2547 311.10
2548 2542 286.10
2548 2549 647.10
2550 2551 460.20
2552 2553 125.60
2528 2554 225.50
2555 2556 171.50
2557 2558 148.60
2559 2560 156.90
2561 2562 3244.70
2547 2563 130.90
2538 2564 144.00
2565 2566 700.80
2559 2567 328.40
2559 2568 521.10
2569 2570 172.50
2571 2572 91.10
2573 2574 159.60
2535 2575 1123.20
2576 2577 395.30
2572 2578 147.90
2579 2580 223.50
2581 2582 894.10
2583 2581 333.30
2584 65 287.80
2585 2586 1589.10
2585 2587 1785.70
2588 65 52.50
2589 2590 127.00
2591 2549 509.90
2549 2592 1515.10
2593 2594 1308.80
2595 2596 1672.60
2597 2598 158.00
2599 2600 532.40
2601 2602 408.40
2603 2604 2092.70
2605 2606 970.60
2607 2608 146.80
2609 2610 1003.20
2611 2612 55.20
2584 2613 1376.70
2614 2615 1221.80
2616 2617 211.50
2618 2619 215.80
2620 2621 417.70
2622 2623 114.80
2624 2625 344.70
2626 2627 157.80
2628 2629 2370.10
2630 2631 418.00
2632 2633 2379.90
2634 2635 493.20
2636 2637 1216.60
2638 2639 555.00
2640 2641 1176.50
2642 2643 612.50
2644 2645 321.60
2646 2647 216.50
2648 2649 336.00
2650 2651 365.10
2652 2653 192.20
2654 2655 314.90
2656 2605 444.50
2657 2630 909.40
2658 2659 127.20
2660 2661 141.70
2662 2663 588.50
2664 2665 49.50
2661 2666 304.80
2667 2668 146.30
2669 2670 511.20
2671 2672 118.20
2673 2674 325.60
2675 2676 179.40
2677 2678 117.90
2679 2680 715.30
2680 2681 92.50
2682 2683 388.70
2684 2685 167.50
2686 2687 231.90
2688 2689 202.90
2690 2691 485.10
2692 2693 79.00
2694 2695 427.30
2696 2697 297.50
2698 2699 130.40
2700 2701 123.60
2702 2703 210.50
2704 2705 387.30
2706 2657 4367.70
2707 2708 58.80
2709 2710 94.90
2711 2712 111.70
2713 2714 69.30
2715 2715 0.00
2613 77 849.50
2716 2717 3322.40
2718 2719 192.80
2720 2701 375.20
2721 2701 179.80
2716 2722 564.60
2679 2723 181.10
2724 2725 64.50
2726 2727 254.50
2728 2729 947.70
2730 2731 378.70
2732 2733 169.50
2734 2735 1219.00
2736 2737 901.80
2737 2738 112.90
2739 2740 47.00
2733 2741 238.60
2742 2743 170.50
2744 2705 148.80
2745 2746 330.00
2747 2705 229.90
2748 2705 673.70
2749 2750 238.90
2721 2751 239.90
2752 2753 179.00
2754 2721 102.10
2755 2756 56.00
2757 2758 163.90
2759 2760 202.20
2761 2762 97.20
2763 2764 76.60
2765 2766 361.30
2767 2768 40.40
2769 2770 107.00
2771 2772 187.90
78 2773 468.00
2774 2775 102.90
2776 2777 35.40
2778 2779 373.90
2780 2781 1006.20
2782 2783 119.60
2784 2785 145.30
2786 2787 1723.00
2788 2789 348.90
2790 2791 184.30
2792 2793 631.20
2794 2795 341.20
2796 2797 1192.10
2798 2799 355.40
2800 2801 335.00
2802 2803 133.60
2803 2804 106.80
2805 2429 143.20
2806 2636 437.40
2807 2771 600.70
2808 2809 210.10
2429 80 2743.60
2810 2747 134.80
2811 2812 222.50
2800 2813 404.70
2814 2815 55.00
2816 2817 53.80
2760 2818 186.50
2819 2820 154.90
2749 2821 685.40
2822 2749 794.80
2823 2824 42.50
2825 2826 161.70
2827 2828 71.20
2829 2830 117.50
2831 2832 41.40
2833 2834 273.50
2835 2836 372.10
2837 2838 243.70
2839 2848 1018.60
2848 2804 1018.60
2804 2844 1018.60
2844 86 1018.60
86 84 1018.60
2840 2841 825.10
2842 2843 47.00
2844 2845 164.10
2846 3164 1425.30
3164 249 1425.30
249 3032 1425.30
3032 2996 1425.30
2996 2946 1425.30
2946 2914 1425.30
2914 2822 1425.30
2847 2822 498.90
2848 2849 493.00
2850 79 411.70
2851 2852 169.30
2853 2854 122.00
2855 2856 116.40
2857 2745 285.60
2858 2859 249.00
2860 2861 22.80
131 3171 1409.50
3171 3110 1409.50
3110 3065 1409.50
3065 94 1409.50
94 3019 1409.50
3019 93 1409.50
93 9009 1409.50
9009 2850 1409.50
2850 2942 1409.50
2942 2929 1409.50
2929 2868 1409.50
2868 89 1409.50
2731 89 1409.50
88 2839 1409.50
2839 2731 1409.50
2862 2863 165.00
84 2896 1561.30
2896 2734 1561.30
2734 2902 1561.30
2902 2940 1561.30
2940 2993 1561.30
2993 3078 1561.30
3078 3098 1561.30
3098 250 1561.30
250 2864 1561.30
2865 84 258.90
88 2866 501.80
2867 2868 470.50
2869 2870 329.90
2871 2872 160.40
2873 2874 137.90
2875 2876 367.80
2877 2878 158.50
2879 2877 245.40
2880 2868 120.50
2818 2881 175.70
2882 2883 257.20
2884 2885 535.10
2886 2793 183.90
2887 2888 154.50
2889 2879 175.90
2890 2891 74.70
2892 2893 689.40
2894 2895 562.50
2896 2897 46.40
2898 2899 161.60
2898 2900 274.60
2901 2902 289.40
2903 2904 103.90
2905 2906 311.90
2907 2908 144.10
2909 2910 97.20
2911 2912 76.50
2913 2914 109.90
2915 2916 314.30
2917 2918 71.90
2919 2920 227.10
2921 2922 234.60
2923 2924 220.40
2807 2867 85.60
2925 2926 155.20
2927 2928 79.10
2929 2930 169.30
2931 2932 294.50
2933 2934 137.00
2935 2936 159.10
2937 2938 1292.90
2939 2940 275.90
2941 2942 109.40
2927 2943 348.40
2944 2945 302.30
2946 2947 271.10
2948 2949 189.50
2950 2951 265.10
2952 2953 119.40
2954 2955 234.50
2956 2957 242.60
2958 2959 135.60
2960 2961 242.70
2746 2962 287.90
2963 2964 60.50
2965 2966 323.00
2967 2968 271.60
2969 2970 505.80
2971 2972 366.90
2894 2938 253.20
2973 2974 480.50
2975 2976 165.10
2977 2978 112.40
2979 2980 228.30
2981 2982 668.50
2983 2984 149.80
2985 2986 544.50
2987 2988 134.10
2989 2990 243.30
2991 2847 1019.90
2992 2993 205.30
2994 2995 192.30
2996 2997 21.70
2998 2999 193.20
3000 3001 369.50
3002 3003 427.60
3004 3005 371.00
3006 3007 150.90
3008 3009 342.50
3010 3011 233.70
3012 2847 738.90
3013 3014 537.90
3015 3016 271.70
3017 2994 87.60
3018 3019 342.00
3020 3021 467.50
3022 2979 69.30
3023 3024 69.20
3025 3026 95.00
3029 3030 120.30
3031 3032 444.50
3033 3034 552.80
3035 3036 322.80
3037 3038 345.10
2962 3039 597.40
2962 3040 600.10
3041 3042 529.70
3043 3044 166.70
3045 3046 80.50
3047 3048 97.80
3049 3050 215.50
3051 3052 1488.40
3053 3054 142.80
3056 109 187.10
3057 3058 64.90
3059 3060 3658.80
3061 3062 78.70
3063 3064 81.40
3065 3041 323.10
3041 3066 323.10
3067 3068 40.00
3069 3070 237.20
2991 3059 1376.90
3069 3071 88.20
3072 3073 853.30
3074 3075 105.80
3076 3077 376.10
3078 3079 177.30
3080 119 1340.60
3047 3081 37.80
3082 3083 449.00
3084 3085 214.30
3086 3221 1210.00
3221 3131 1210.00
3131 3013 1210.00
3013 3103 1210.00
3103 90 1210.00
90 3087 1210.00
3064 3088 111.70
3089 3090 172.10
3091 3092 221.00
3093 3094 856.50
3095 3096 185.00
3097 3098 182.80
3099 3100 119.40
3101 3102 49.10
3103 3104 155.50
3105 3087 320.40
3106 3107 387.70
3108 3109 305.30
3070 3110 186.90
3111 3112 158.40
3113 3114 148.00
3115 3116 777.70
3117 3118 458.30
3119 3120 181.20
3121 3122 1552.60
3123 3124 304.10
3125 3126 73.30
3127 3128 653.40
3129 3130 917.40
3131 3132 55.20
3129 3133 216.10
3134 3135 578.80
3136 3137 193.20
3138 132 299.10
3139 3204 643.40
3204 3198 643.40
3198 3247 643.40
3247 3262 643.40
3262 3295 643.40
3295 3140 643.40
3141 3142 237.90
3143 3144 371.70
3145 3146 597.70
3147 3148 955.30
3149 3150 128.70
3151 3152 2360.30
3153 3154 116.60
3155 3156 1469.60
3157 3158 72.70
3159 3160 109.00
3039 3205 471.10
3205 3238 471.10
3238 9006 471.10
9006 3161 471.10
3162 3163 281.10
3164 3165 137.20
3166 3059 3464.80
3167 3168 89.90
3169 3170 192.70
3171 3172 263.30
3173 3174 174.20
3175 3176 368.60
3177 3178 931.40
3179 3180 309.20
3181 3182 203.80
3183 3184 124.00
3185 3186 725.80
3187 3188 186.50
3189 3190 132.50
3191 3192 141.20
3193 3194 208.90
3055 131 329.70
134 3055 633.30
3195 3196 42.70
3083 3197 780.30
3198 3199 154.10
3200 3201 165.10
3202 3203 408.10
3204 3205 271.90
3206 3207 493.90
3208 3209 1092.90
3210 3012 133.70
3211 3012 555.60
3212 3213 253.10
3214 3215 216.50
3214 9007 276.70
9007 3216 276.70
3217 3218 41.80
136 170 654.50
3219 3220 231.10
3221 3222 591.10
3223 3224 142.00
3225 3226 456.50
3227 3228 209.20
3229 3230 979.10
3231 3232 273.20
3233 3234 180.10
3235 3236 639.50
3237 3238 1272.40
3239 3240 140.20
3237 3189 578.60
3241 3220 1778.50
3242 9008 317.40
9008 3243 317.40
3244 3213 968.10
3246 3247 82.50
3248 3249 376.10
3250 3251 499.10
3135 138 808.40
3252 3253 339.30
3254 3255 156.30
3256 3257 84.90
3258 3259 433.40
3260 3261 88.70
3262 3263 85.10
3264 3265 102.70
3266 3267 99.80
3268 3269 642.40
5 3270 132.80
3271 3272 66.90
3273 3274 405.60
3275 3276 207.30
3277 3278 264.50
3279 3280 463.30
3281 3282 572.60
3283 3284 195.40
3285 3286 165.70
3287 3288 474.10
3289 3290 436.90
3291 3292 200.10
3293 3294 415.10
3295 3296 251.40
3297 3298 116.80
3299 3300 843.00
3301 3302 277.40
3303 3304 197.40
3305 3306 625.20
3307 3308 163.50
140 3161 256.60
3309 3310 367.60
3311 3312 86.00
3313 3314 220.40
3315 3316 376.00
3317 3318 465.00
3319 3320 50.20
3321 3322 216.70
3323 3324 221.50
3325 3326 310.20
3327 3328 158.00
3329 3330 307.90
3331 3332 770.00
3333 3334 185.40
3335 127 150.70
3336 3337 93.00
3296 3197 450.10
3197 3413 450.10
3413 3467 450.10
3467 150 450.10
3338 3339 384.20
3340 3312 85.90
3301 3341 109.90
3342 3340 114.50
3343 3344 82.30
3345 3346 303.70
3347 3348 267.50
3349 3350 128.30
3351 3268 300.50
3353 3354 1028.00
3355 3356 278.60
3357 3358 99.70
3359 3360 507.40
3361 3362 269.40
3363 3364 114.40
3365 3366 66.90
3367 3368 395.50
3369 3370 498.00
3371 3372 298.10
3373 3374 205.80
3375 3376 190.30
3377 3378 66.20
3379 3380 398.00
3381 3382 68.30
3383 3384 67.30
3385 3386 117.80
3387 3388 154.70
3389 3390 140.30
3391 3392 72.10
127 3393 177.50
3394 3395 67.20
3093 3396 462.10
3364 3397 204.40
3398 3399 104.80
3400 3401 247.20
145 3400 981.40
3402 3403 196.60
3404 3405 111.60
3394 323 108.10
324 3406 169.70
3407 3408 311.00
3409 3410 253.40
3411 3412 247.30
3413 143 259.00
3414 3415 145.20
3416 3417 933.10
3418 3419 298.50
3420 3421 103.20
3422 3423 136.00
3424 3425 87.50
3426 3427 236.90
3428 3429 142.00
3430 3431 251.80
3147 3432 202.30
3433 3434 203.80
3435 3436 344.00
3437 3438 216.90
3439 3440 140.10
3147 3441 102.00
3442 3443 120.70
3444 3445 399.90
3446 3447 822.90
3448 3449 768.80
3151 3450 337.40
3451 3452 150.80
3453 3454 223.80
3455 3456 99.40
3457 3458 46.60
3450 3459 235.80
3460 3450 2028.70
3438 3461 390.30
3462 3463 682.00
3464 3465 117.90
3466 3467 57.40
3468 3469 58.50
3470 133 825.10
3471 3472 48.90
3473 3474 24.10
3475 3476 67.70
3477 3478 82.90
3479 3480 144.40
3481 3482 1069.00
3483 3484 134.80
3485 3486 557.90
3487 3488 38.10
3489 3490 335.50
3491 3492 182.10
3493 3494 193.80
3495 3496 149.70
3447 3403 645.90
3499 3500 191.00
3501 3502 311.90
3503 3504 262.90
3505 3506 359.40
3507 3508 169.90
3509 3510 84.80
3511 3512 139.50
3513 3514 184.10
3515 3516 184.60
3519 144 254.80
3401 3520 779.90
3521 3522 49.40
3523 3524 100.00
3525 3526 52.00
3527 3528 364.50
3529 3530 209.00
3531 3532 289.70
3533 3534 108.00
3535 3536 211.40
3537 3538 127.10
3539 3540 147.00
136 3562 358.50
3562 150 358.50
150 148 358.50
3521 3541 169.90
3542 3543 272.90
3544 3545 294.10
3230 3546 104.40
3547 3548 83.90
152 3549 1782.70
3550 3459 662.00
3551 3552 316.10
3553 3554 99.00
3555 3556 147.20
3557 3558 85.60
3559 3560 104.80
3561 3705 506.10
3705 3594 506.10
3594 3562 506.10
3516 3563 338.30
3564 3565 99.20
3492 3566 107.20
3567 3568 66.30
3569 3570 142.90
3569 229 313.10
229 3560 313.10
3573 3571 157.80
3574 3575 226.60
3576 3577 302.90
153 3519 3325.20
3519 3623 3325.20
3623 3696 3325.20
3696 3551 3325.20
3551 3693 3325.20
3693 3593 3325.20
3593 3645 3325.20
3645 3573 3325.20
3573 3652 3325.20
3652 3700 3325.20
3700 3730 3325.20
3730 3766 3325.20
3766 3462 3325.20
3462 3618 3325.20
3618 3768 3325.20
3768 3498 3325.20
3498 3716 3325.20
3716 159 3325.20
3538 3578 250.70
3579 3580 138.10
3581 3582 451.80
3583 3584 208.60
3585 3586 294.70
3587 3588 620.10
3589 3590 297.20
3591 3369 99.40
3592 3593 184.40
3594 3595 74.20
3596 3597 743.10
3598 3599 1250.50
3600 3601 603.50
3602 3603 255.80
3604 3605 95.00
3606 3607 141.20
3536 3608 108.10
3609 3610 97.10
3611 3612 71.30
3613 3609 46.90
3614 3615 147.30
3616 3503 195.60
3617 3618 397.30
3619 3620 346.40
3621 3622 31.00
3623 3624 156.00
3624 3625 124.50
3626 3528 19.80
3627 3628 46.40
3629 3630 55.80
3613 3520 180.10
3631 3632 334.70
3556 3633 166.30
3634 3635 100.50
3636 3637 148.30
3572 3638 70.50
3639 3640 158.00
3641 3642 150.20
3519 3643 67.30
3644 3645 104.90
3646 3647 470.40
3648 3649 130.80
3650 3651 204.20
3652 3653 874.60
3654 3655 78.50
3656 3657 382.70
3658 3659 224.40
3607 3655 74.70
3657 3660 305.00
3661 3662 346.70
3663 3664 128.20
3665 3666 115.30
3667 3668 236.30
3669 3670 1315.50
3671 3672 282.80
3673 3674 153.30
3675 3676 116.60
3615 3677 1377.90
3678 3640 87.40
3679 3680 68.00
3656 3681 326.60
3682 3683 557.10
3684 3685 313.80
3686 3687 197.40
3616 3688 191.20
3689 3690 68.00
3691 3692 85.40
3693 3670 91.40
3694 3714 615.60
3714 3649 615.60
3649 3708 615.60
3708 3642 615.60
3642 3702 615.60
3702 3695 615.60
3696 3697 176.90
3698 3699 139.50
3700 3701 58.80
3702 3703 293.00
3704 3705 57.80
3640 3706 237.50
3707 3708 75.70
3709 3710 125.90
3711 3712 162.10
3713 3714 84.80
3715 3716 179.80
3717 3718 111.60
3719 3694 152.50
3720 3721 169.70
3722 3723 196.40
3724 3725 607.10
3726 3727 147.40
3728 3729 36.40
3730 3731 122.80
3732 3733 80.30
3734 3735 302.40
3736 3737 259.70
3738 3739 125.40
3740 3741 1633.10
3742 3743 98.00
3744 3745 450.80
3745 3746 85.30
3747 3748 366.60
3749 3750 283.60
3751 3752 163.10
3753 3754 428.80
3755 3756 154.30
149 3757 504.70
3758 3759 126.30
3760 3761 128.00
3762 3763 288.40
3764 3765 140.90
169 163 283.80
3766 3653 120.80
3767 3790 291.00
3790 3768 291.00
3769 3770 289.10
163 3561 658.80
3771 3772 181.40
3685 3773 2152.60
3774 3775 210.00
3776 3777 148.10
3778 3447 238.60
3779 3775 885.40
3780 3781 174.60
3782 3783 49.90
3784 3785 150.00
3786 3787 68.30
3788 3789 170.70
3790 3793 296.30
3793 3791 296.30
3792 3770 272.70
3793 3794 147.00
3795 3796 96.30
3797 3798 260.20
3799 3800 213.20
3801 3802 75.80
3803 3804 188.70
3805 3806 449.60
3806 3807 223.00
3808 3806 1199.20
3809 3810 189.40
166 3811 175.40
3812 3813 124.10
3801 3814 266.40
3815 3816 343.10
3817 3818 70.90
3819 3820 88.90
3821 3822 179.60
3823 3824 392.80
3825 3826 219.20
3827 3828 307.80
3829 3778 374.80
3778 3830 107.20
3831 315 5192.10
3832 3833 329.00
3834 3835 387.30
3836 3837 102.20
3838 3839 714.30
3840 3831 249.40
3841 3842 118.90
3843 3844 204.80
3845 3846 109.00
3847 3848 560.30
3849 3850 154.30
3851 3852 980.60
3853 3854 768.20
3855 3856 242.30
3857 3858 385.30
3859 3860 111.70
3861 3862 141.00
3863 3864 227.20
3858 3865 151.10
3866 3853 535.60
3867 3843 162.10
3868 3869 322.00
3870 3871 80.70
3872 3873 573.10
3874 3875 361.70
3876 3877 32.50
3878 3879 17.50
3880 3881 239.80
3882 3883 91.60
3884 3885 188.90
3886 3887 411.20
3888 3889 545.20
169 3890 532.30
3891 173 112.20
3892 3893 498.50
3894 3895 684.90
3896 3897 183.20
3898 3899 507.70
3900 3901 159.40
3902 3903 179.60
3884 3904 295.40
3905 3906 251.50
3907 3908 165.00
185 3909 1416.40
3910 3911 112.00
3912 3913 121.20
174 3914 505.30
3915 3916 85.20
3917 3808 67.00
179 172 106.80
175 3918 2539.70
3852 3919 984.50
3920 3921 193.50
3922 3917 192.10
172 3923 253.60
3924 3925 216.10
3926 3927 510.30
3928 3929 234.90
3930 3931 533.40
3932 3933 188.70
177 179 1802.60
3934 3935 504.20
3936 179 1282.10
3937 202 212.70
3938 3939 884.30
3940 3917 332.50
3919 3941 332.60
3942 3943 383.60
3944 3945 166.50
3946 3947 241.60
3948 3949 171.40
3950 3951 209.00
3890 3952 523.30
3952 3890 509.80
3953 3954 212.10
3955 3919 373.20
3943 182 91.40
181 3956 45.20
180 3957 339.20
180 3958 918.20
3959 3960 87.00
3943 3961 137.20
3962 3963 320.30
3964 3965 117.60
3909 3966 1296.50
185 3967 106.10
3968 3969 144.00
3970 3933 311.60
3971 3972 213.90
3973 3974 123.80
3957 3975 173.00
3976 3977 157.00
3978 3979 330.70
3980 3945 54.30
3981 3905 494.20
3940 3982 62.30
3983 3984 54.50
3967 3985 785.60
3986 3967 175.70
3987 3988 712.40
3989 3990 200.60
3991 3992 172.80
3993 3976 145.20
3976 3994 266.20
3946 3995 67.10
3996 3997 24.40
3957 3998 41.00
3936 3974 560.90
3983 3999 190.90
3996 4000 241.10
4001 4002 232.40
4003 4004 23.60
4005 3998 168.60
3998 4006 803.80
4007 4008 338.90
4009 4003 254.70
4010 190 796.20
4011 4012 181.10
4013 4014 326.70
4015 4016 188.70
4017 4018 123.40
4019 4020 115.20
4021 4022 801.40
4023 4024 188.40
4025 4026 91.60
4027 4028 68.80
3993 4029 119.50
4030 4031 127.40
3986 186 659.40
3936 3988 616.90
4032 4033 1074.20
4034 4035 355.10
4036 4037 86.60
3952 3981 352.30
4038 4039 648.20
3918 4040 222.10
4041 4042 53.50
4043 4044 504.20
4045 4046 243.70
4005 4047 400.20
3936 220 738.40
4048 4049 372.60
4050 4051 614.70
4052 4053 208.70
4054 4055 276.60
4056 4057 332.70
4008 4058 127.90
3994 4059 559.10
4060 4061 980.10
4062 4063 466.70
4064 4065 358.30
4066 4067 991.30
3958 4045 316.70
4068 4069 687.10
4070 4071 127.20
4072 3958 1356.50
4073 4074 176.00
4075 4076 1041.30
4077 4078 82.70
4079 4080 143.50
3773 4081 455.60
4082 4083 211.40
4084 4085 463.40
4086 4087 506.30
4088 4089 177.90
248 3918 1107.20
4090 4091 527.00
4092 4093 83.70
4094 4095 212.50
4096 4097 129.30
4066 4098 966.30
4099 4100 173.70
3981 4101 382.10
4102 4103 212.20
4104 4105 91.00
4106 4107 149.50
4108 4109 339.80
4110 4111 63.10
4112 4113 156.00
4114 4115 773.40
4116 4117 328.20
4118 4119 68.20
4120 4121 149.80
4122 4123 274.90
4124 4125 202.60
4110 4126 925.90
4127 4110 117.30
4097 4128 589.10
248 4129 1236.70
4130 4131 140.50
4132 4133 143.90
4134 4135 17.40
4136 4137 203.60
4138 4139 175.70
4140 4141 341.80
4142 4143 42.70
4144 4145 364.90
4146 4147 154.80
4148 4149 137.90
4117 4101 278.50
4150 4117 143.70
4151 4152 855.60
4153 4154 279.80
4155 4156 579.00
4157 4158 160.10
4159 4160 83.40
4161 4162 396.30
4163 4164 139.10
4165 4166 529.00
4167 221 259.20
4131 4168 156.60
4169 4170 565.80
4171 4172 174.80
4173 4174 266.00
4175 4176 623.10
4177 4178 59.30
4179 4180 84.80
4181 4182 420.40
4183 4184 224.80
4185 4186 505.00
4187 4188 248.30
4189 4190 701.70
4191 4192 644.00
4189 4158 185.70
4149 4075 559.80
4149 4193 279.90
4194 4195 87.20
4196 4197 377.00
4198 4199 133.60
4200 4201 39.80
4202 4203 23.50
4204 4205 155.10
4206 4207 111.40
4208 4209 122.40
4210 186 459.60
4101 4211 1505.10
4212 4213 150.80
4093 4214 319.00
4215 4216 45.80
4217 4218 80.80
4219 4220 118.60
4221 4183 218.10
4222 4223 32.70
4224 4225 319.50
4226 4227 401.60
4228 4229 105.70
4223 4230 275.00
4231 4223 408.00
4232 4233 290.30
4234 4235 1059.50
4236 4237 109.80
4238 4239 158.20
4240 4241 237.60
4242 4243 286.00
4244 4245 60.90
4246 4244 166.10
4247 4248 151.80
220 4249 951.00
4250 4251 437.90
4251 4252 501.50
4253 4254 307.60
4255 4256 598.20
4257 4258 774.30
4259 4260 687.10
4261 4246 54.20
4262 4263 140.70
4264 4265 346.80
4266 4267 1257.90
4268 4269 127.00
4270 4271 468.60
4272 4273 1113.50
4274 4275 164.10
4276 4277 314.00
4243 4278 392.70
4279 4280 822.50
4264 4281 178.30
4282 4283 653.10
4267 4284 80.00
4285 4286 138.20
4066 4287 416.80
4288 4289 1015.10
4286 4290 220.20
4291 4292 111.00
4293 4294 178.10
4295 4287 139.00
4296 4297 187.50
4298 4299 39.90
4300 4301 858.10
4302 4303 484.80
4304 4305 91.90
4306 4307 107.90
4308 4309 177.80
4310 4311 387.20
4312 4313 256.00
4255 4314 662.00
4315 4316 548.70
4317 4273 238.10
4318 4319 1670.70
4311 4320 85.10
4311 4321 395.30
4322 4323 22.70
4324 4325 306.20
4326 4327 266.00
4328 4329 1373.50
4330 4331 200.50
4332 4333 3145.90
4334 4335 191.60
4249 4336 1009.40
4337 4338 121.90
4339 4340 816.70
4255 4279 115.70
4341 4342 516.50
4279 4343 229.50
4344 4345 59.00
4333 4266 142.70
4346 4347 280.00
4348 4349 48.20
4350 4351 463.80
4352 4353 812.50
4234 4354 295.50
4355 4356 207.00
4356 4357 287.80
4358 4359 52.70
4360 4361 74.70
4362 4363 331.50
4364 4365 201.90
4347 4358 319.40
4366 4367 155.50
4368 4369 397.80
4357 4370 394.60
4347 4371 332.80
4372 4373 1197.60
4371 4374 67.40
4375 4374 198.00
4376 4377 159.60
4378 4379 268.60
4380 4381 202.20
4382 4383 379.90
4384 4385 479.70
4386 4387 96.40
4211 4388 705.20
4389 4211 441.10
4390 4391 235.90
4392 4393 217.60
4394 4395 214.60
4396 4397 456.50
4319 4398 681.70
4399 4400 175.40
4401 4402 60.40
4403 4404 167.30
4405 4405 0.00
4406 4407 643.30
4408 4409 692.20
4410 4411 95.40
4412 4413 126.80
4414 4407 142.20
4415 4416 79.40
4417 4418 331.10
4407 4417 101.60
4419 4420 386.80
4421 4422 96.90
4423 4424 171.70
4425 4426 109.30
4427 4428 721.90
4429 4430 109.90
4431 4372 582.20
4432 4433 1072.00
4434 4435 159.40
182 4436 264.50
48 318 793.50
4437 4438 289.60
4439 4440 1097.70
4441 4442 370.60
4443 4444 2011.70
4445 4446 656.20
4447 4448 190.10
4449 4450 184.20
4451 4452 25.80
4453 4454 115.30
4455 4456 472.60
4457 1089 49.40
4458 4459 140.00
275 4460 207.60
3087 123 830.80
123 124 830.80
124 130 830.80
130 115 830.80
115 120 830.80
120 4462 830.80
4463 4464 471.00
4465 1913 1419.10
4466 4467 353.10
4468 4469 13030.00
18 4470 24783.30
4471 4472 4858.80
4473 4474 5808.20
4475 4476 197.00
4477 4478 628.40
4479 316 812.60
4480 4481 113.00
4482 4483 290.20
4484 4485 651.30
4486 4487 61.50
4488 4489 86.10
4490 4491 57.00
4492 4493 106.40
4494 4495 983.60
4496 4497 195.70
4498 4499 179.40
4500 4501 164.00
4502 4503 434.30
4504 4505 96.60
4506 4507 41.10
4508 4509 588.70
4510 4511 10.50
4512 4513 48.00
4514 4515 117.10
4516 4517 76.80
4518 4519 607.10
4520 4521 157.20
4522 4523 115.00
4524 4525 92.00
4526 4527 99.80
4528 4529 432.40
4530 4531 194.70
4532 4533 433.30
4534 4535 503.50
4536 4537 69.50
4538 4539 133.80
4540 4541 340.50
4542 4543 30.50
4544 4545 500.70
4546 4547 113.50
4548 4549 1115.40
4550 4551 78.00
4552 4553 1894.40
4554 4555 96.60
4556 4557 50.80
4558 4559 27.70
4560 4561 245.20
4562 4563 178.60
4564 4565 191.50
4566 4567 211.40
4568 4569 67.30
4570 4571 157.70
4572 4573 185.40
4574 4575 152.80
4576 4577 275.90
4578 4579 97.30
4580 4581 117.30
4582 4583 99.20
4584 4585 552.00
4586 4587 456.00
4588 4589 84.90
4590 4591 226.40
4592 4593 445.80
4594 4595 65.60
4596 4597 49.20
4598 4599 111.10
4600 4601 117.30
4602 4603 916.20
4604 4605 236.40
4606 4607 679.60
4608 4609 505.20
4610 4611 104.60
4612 4613 47.20
4614 4615 113.50
4616 4617 519.70
4618 4619 270.10
4620 4621 280.70
4622 4623 225.40
4624 4625 29.10
4626 4627 227.40
4628 4629 254.40
4630 4631 58.50
4632 4633 1241.20
4634 4635 110.40
4636 4637 160.40
4638 4639 349.50
4640 4641 296.60
4642 4643 64.60
4644 4645 59.30
4646 4647 927.20
4648 4649 80.00
4650 4651 179.40
4652 4653 161.40
4654 4655 122.30
4656 4657 401.10
4658 4659 523.70
4660 4661 542.30
4662 4663 191.90
4664 4665 24.30
4666 4667 197.90
4668 4669 214.30
4670 4671 45.20
4672 4673 173.30
4674 4675 102.70
4676 4677 143.10
4678 4679 553.70
4680 4681 60.80
4682 4683 54.00
4684 4685 130.00
4686 4687 67.90
4688 4689 1011.00
4690 4691 133.80
4692 4693 68.20
4694 4695 123.90
4696 4697 926.30
4698 4699 82.00
4700 4701 207.20
4702 4703 170.20
4704 4705 100.90
4706 4707 92.20
4708 4709 83.60
4710 4711 134.20
4712 4713 43.40
4714 4715 50.40
4716 4717 396.60
4718 4719 98.00
4720 4721 148.40
4722 4723 168.40
4724 4725 48.70
4726 4727 1121.40
4728 4729 1088.70
4730 4731 252.30
4732 4733 274.00
4734 4735 98.80
4736 4737 41.00
4738 4739 38.10
4740 4741 161.20
4742 4743 63.90
4744 4745 63.20
4746 4747 23.60
4748 4749 146.10
4750 4751 113.90
4752 4753 42.70
4754 4755 182.00
4756 4757 63.00
4758 4759 201.50
4760 4761 281.20
4762 4763 94.00
4764 4765 73.20
4766 4767 165.60
4768 4769 265.00
4770 4771 201.50
4772 4773 355.10
4774 4775 60.20
4776 4777 61.10
4778 4779 93.00
4780 4781 66.00
4782 4783 391.70
4784 4785 141.30
4786 4787 79.20
4788 4789 673.60
4790 4791 2158.50
4792 4793 66.50
4794 4795 371.90
4796 4797 294.70
4798 4799 202.90
4800 4801 155.70
4802 4803 96.70
4804 4805 154.90
4806 4807 618.50
4808 4809 69.00
4810 4811 120.40
4812 4813 47.60
4814 4815 80.50
4816 4817 400.70
4818 4819 230.00
4820 4821 103.90
4822 4823 164.30
4824 4825 74.10
4826 4827 598.50
4828 4829 1365.10
4830 4831 1367.60
4832 4833 101.90
4834 4835 433.60
4836 4837 48.60
4838 4839 113.50
4840 4841 274.40
4842 4843 140.00
4844 4845 325.10
4846 4847 60.20
4848 4849 45.30
4850 4851 55.30
4852 4853 113.80
4854 4855 116.70
4856 4857 114.60
4858 4859 200.30
4860 4861 101.60
4862 4863 96.20
4864 4865 72.00
4866 4867 64.50
4868 4869 523.00
4870 4871 87.10
4872 4873 219.50
4874 4875 165.20
4876 4877 447.60
4878 4879 86.50
4880 4881 1453.10
4882 4883 39.80
4884 4885 37.40
4886 4887 64.60
4888 4889 869.90
4890 4891 82.70
4892 4893 102.30
4894 4895 35.00
4896 4897 56.40
4898 4899 182.60
4900 4901 697.00
4902 4903 333.90
4904 4905 65.10
4906 4907 83.70
4908 4909 101.10
4910 4911 631.40
4912 4913 261.00
4914 4915 93.60
4916 4917 99.00
4918 4919 83.30
4920 4921 231.50
4922 4923 196.50
4924 4925 64.00
4926 4927 84.30
4928 4929 86.50
4930 4931 287.40
4932 4933 167.20
4934 4935 309.80
4936 4937 258.70
4938 4939 352.20
4940 4941 127.60
4942 4943 75.60
4944 4945 378.50
4946 4947 90.30
4948 4949 1122.60
4950 4951 297.10
4952 4953 97.90
4954 4955 62.20
4956 4957 147.50
4958 4959 148.50
4960 4961 130.20
4962 4963 331.70
4964 4965 186.30
4966 4967 205.70
4968 4969 1119.40
4970 4971 110.90
4972 4973 179.80
4974 4975 34.40
4976 4977 469.30
4978 4979 710.30
4980 4981 190.10
4982 4983 264.20
4984 4985 295.40
4986 4987 98.70
4988 4989 79.60
4990 4991 119.10
4992 4993 181.10
4994 4995 58.30
4996 4997 29.10
4998 4999 110.90
5000 5001 66.10
5002 5003 150.50
5004 5005 14.50
5006 5007 103.20
5008 5009 257.30
5010 5011 336.40
5012 5013 192.60
5014 5015 109.00
5016 5017 184.60
5018 5019 223.60
5020 5021 531.40
5022 5023 535.80
5024 5025 45.90
5026 5027 195.90
5028 5029 134.40
5030 5031 321.10
5032 5033 87.10
5034 5035 182.30
5036 5037 160.50
5038 5039 952.30
5040 5041 100.90
5042 5043 99.60
5044 5045 161.80
5046 5047 166.30
5048 5049 199.90
5049 5050 358.20
5051 5052 44.60
5053 5054 218.60
5055 5056 51.40
5057 5058 52.00
5059 5060 91.00
5061 5062 105.30
5063 5064 894.90
5065 5066 200.80
5067 5068 90.80
5069 5070 314.00
5071 5072 364.20
5073 5074 293.40
5075 5076 41.10
5077 5078 21.20
5079 5080 162.20
5081 5082 133.80
5083 5084 139.90
5085 5086 311.90
5087 5088 5.70
5089 5090 131.40
5091 5092 256.60
5093 5094 700.40
5095 5096 650.90
5097 5098 555.70
5099 5100 117.20
5101 5102 382.70
5103 5104 472.70
5105 5106 1135.30
5107 5108 200.20
5109 5110 591.60
5111 5112 197.90
5113 5114 226.40
5115 5116 138.90
5117 5118 118.60
5119 5120 61.90
5121 5122 622.00
5123 5124 129.30
5125 5126 112.00
5127 5128 128.20
5129 5130 336.60
5131 5132 29.60
5133 5134 130.00
5135 5136 329.70
5137 5138 164.90
5139 5140 159.90
5141 5142 149.40
5143 5144 149.20
5145 5146 66.40
5147 5148 44.30
5149 5150 58.00
5151 5152 92.10
5153 5154 366.50
5155 5156 92.70
5157 5158 337.50
5159 5160 394.20
5161 5162 253.60
5163 303 556.90
5164 5165 310.60
5166 5167 500.90
5168 5169 636.30
5170 5171 124.80
5172 5173 179.50
5174 5175 14.00
5176 5177 221.60
5178 5179 195.10
5180 5181 493.30
5182 5183 190.40
5184 5185 48.10
5186 5187 145.70
5188 5189 155.10
5190 5191 32.20
5192 5193 119.40
5194 5195 31.60
5196 5197 366.80
5198 5199 80.30
5200 5201 71.00
5202 5203 132.90
5204 5205 408.90
5206 5207 105.30
5208 5209 186.60
5210 5211 293.80
5212 5213 293.40
5214 5215 40.10
5216 5217 501.40
5218 5219 56.20
5220 5221 98.70
5222 5223 399.70
5224 5225 243.30
5226 5227 99.90
4482 5228 240.50
5229 5230 132.70
5231 5232 483.20
5233 5234 1386.70
5235 4482 673.40
5236 5237 600.70
5238 5239 44.40
5240 5241 346.30
5242 5243 70.00
5244 5245 200.60
5246 5247 611.30
5248 5249 172.20
5250 5251 81.70
5252 5253 445.90
5231 5254 226.60
5255 5256 1142.60
5257 5258 134.70
5259 5260 74.30
4478 5261 614.00
5262 4492 251.90
5263 5264 793.00
5265 5266 471.10
5267 5268 230.70
5269 5270 354.50
5271 5272 212.50
5273 5274 227.90
5275 5276 1638.80
5277 5278 1620.80
5279 5280 260.40
4517 5281 287.70
5282 5283 211.90
4516 5284 117.20
5285 5286 840.70
5287 5288 231.70
5289 5290 226.10
5291 5292 354.20
5293 5294 206.10
5295 5296 210.00
5297 5298 209.30
5299 5300 44.20
5301 5302 437.30
5303 5304 122.20
5305 5306 377.90
5307 5308 64.30
5309 5310 195.80
5311 5312 361.80
5313 5314 24.90
5315 5316 289.40
5317 5318 753.10
5319 5320 77.40
5321 5322 124.90
5323 5324 54.30
5325 5326 201.40
5327 5328 214.80
5329 5330 190.80
5331 5332 1092.20
5333 5334 366.40
5335 5336 383.50
5337 5338 178.00
5339 5340 495.70
5341 5342 228.70
5343 5344 67.60
5345 5346 476.30
5347 5348 254.90
5349 5350 221.80
5351 5352 669.10
5353 5354 758.90
5355 5356 185.50
5357 5358 471.30
5359 5360 197.00
5361 5362 380.00
5363 5364 147.50
5365 5366 302.60
5367 5368 822.30
5369 5370 723.00
5371 5372 624.60
5373 5374 81.10
5375 5376 1007.30
5377 5378 569.70
4593 5379 477.80
5380 5381 387.00
5382 5383 47.20
5384 4544 274.30
5385 5386 360.60
5387 5388 43.40
5389 5390 290.00
5391 5392 70.90
5393 5394 117.00
5395 5396 275.90
5397 5398 697.10
5399 5400 66.90
5401 5402 516.30
5403 5404 3380.90
5405 5406 234.40
5406 5407 738.20
5408 5406 355.90
5409 5410 474.60
5411 5412 429.80
5413 5414 724.10
5415 5416 67.60
5417 5418 588.50
5419 5420 322.20
5421 4632 744.40
5376 5422 185.50
5423 5424 349.60
4544 5425 1633.60
5426 5427 769.30
5427 5428 481.50
5429 5430 492.10
5431 5432 376.70
5433 5434 400.20
5435 5436 320.40
5437 5438 139.90
5439 5440 44.50
5441 5442 119.30
5443 5444 1373.30
5445 5446 100.20
5447 5448 1635.70
5449 5450 57.40
5451 5452 116.70
5453 5454 92.20
5455 5456 389.00
5457 4592 293.20
5458 5459 105.00
5460 5461 775.70
4591 5462 997.30
5463 4591 336.30
5464 5465 1056.50
5466 5467 233.40
5468 5469 224.60
5470 5471 122.20
5472 5473 524.10
5474 5475 646.50
5476 5477 248.20
5478 5479 306.50
5480 5481 667.00
5482 5483 79.20
5484 5485 204.10
5462 5486 1311.90
5487 5488 405.20
5489 5490 255.40
5490 5491 200.90
5492 5493 701.90
5494 5495 264.40
5496 5497 322.70
5498 5499 1161.60
5500 5501 1235.50
5502 5503 335.10
5504 5505 808.00
4553 5506 737.80
5507 5508 327.50
5509 5510 252.50
5511 5512 16.90
5513 5514 262.50
5515 5516 381.10
5517 5518 672.80
5519 5520 294.90
5521 5522 347.80
5523 5524 344.40
5525 5526 308.50
5527 5528 200.70
4629 5529 365.60
5530 5531 387.10
5532 5533 19.30
5534 5535 811.80
5536 5537 170.00
5538 5539 1028.40
5540 5541 54.60
5542 5543 306.00
5544 5545 243.60
5546 5547 361.10
5548 5549 708.10
5550 5551 440.20
5552 5553 328.90
5471 5463 857.00
5554 5555 138.70
5556 5557 161.00
5558 5559 89.60
5560 5561 935.90
5562 5563 190.50
5564 5565 388.70
5566 5567 477.60
5568 5569 132.40
4698 5570 20.00
5571 5572 97.00
5573 5574 259.60
5575 5576 145.20
5577 5578 88.20
5579 5580 660.80
5581 5582 3663.30
5583 5584 357.90
5585 5586 204.40
5587 5588 121.80
5589 4629 210.70
5590 5591 187.30
4650 5523 731.50
5592 4650 97.60
5593 5594 225.20
5595 5596 166.70
5597 5598 182.60
5599 5600 139.60
5601 5602 507.50
5603 5604 456.80
5598 5605 260.50
5606 5607 97.90
5608 5609 236.20
4651 5610 626.20
5611 5612 551.10
5613 5614 727.10
5615 5616 154.10
5617 5618 171.90
5619 5620 49.80
5621 5476 199.20
5622 5623 527.50
5624 5625 78.40
5626 5627 91.90
5628 5629 154.30
5630 5631 1706.20
5632 5633 219.40
5634 4709 331.10
5635 5636 136.80
5637 5638 310.00
5639 5640 292.80
5641 5642 72.70
5643 5644 128.10
5645 5646 386.70
5647 5648 948.00
5649 5650 155.40
5651 4704 127.90
5652 5653 248.40
5654 5655 420.00
5656 5657 748.30
5658 5659 322.10
5660 5661 596.30
5662 5663 116.50
5664 5665 603.80
5666 5667 168.70
5668 5669 718.50
4707 5670 172.60
5671 5672 240.70
5673 5674 1542.10
5675 5676 274.20
5677 5678 109.30
5679 5680 166.00
5681 5682 176.50
5683 5655 85.40
5684 5685 403.00
5686 5687 602.70
5688 5689 184.00
5690 5691 353.30
5692 5693 834.30
5689 5694 232.10
5695 5696 266.10
5697 5698 285.70
5638 5699 364.30
5700 5701 557.00
5702 5703 312.50
5674 5704 452.20
5705 5706 48.40
5707 5708 257.30
5709 5710 1423.00
5711 5712 257.50
5713 5714 382.10
5715 5716 445.40
5717 5718 81.40
5719 5720 662.50
5721 5722 390.10
5723 5724 307.30
5725 5726 961.50
5727 5728 2024.70
5729 5730 654.70
5731 5732 61.90
5733 5734 72.30
5735 5736 612.30
5737 5738 401.60
5739 5740 116.10
5698 5741 65.80
5742 5743 158.40
5744 5745 38.40
5746 5747 688.50
5748 5749 176.40
5750 5751 25.50
5752 5753 533.10
5754 5755 1375.60
5756 5757 203.10
5758 5759 127.00
5760 5761 877.10
5762 5763 754.30
5764 5765 903.20
5766 5767 799.10
5768 5769 1227.30
5770 5771 776.40
5772 5773 332.90
5774 5775 270.70
5776 5777 269.50
5778 5779 219.00
5780 5781 180.40
5782 5783 296.10
5784 5785 234.70
5786 5787 341.70
5788 5734 89.50
5789 5790 197.50
5791 5792 214.10
5793 5794 213.10
5795 5796 221.10
5797 5798 113.30
5799 5800 1575.30
5801 5802 480.00
5803 5804 360.70
5805 5806 1263.90
5807 5808 126.30
5809 5810 114.80
5811 4940 254.90
5812 5813 139.80
5814 5815 85.20
5816 5817 34.10
5818 5819 414.50
5820 5821 704.70
5822 5823 110.90
5824 5825 42.00
5826 5827 473.80
305 5828 1647.00
5828 5829 441.40
304 5830 1924.90
5830 304 1925.00
5831 4937 365.60
5830 303 3602.80
5832 5833 110.90
5834 5835 410.80
5836 5837 180.90
5838 5839 212.60
5840 5841 311.10
5842 5843 579.40
5844 5845 159.80
5846 5847 716.00
5848 5849 605.60
5850 5851 1079.40
5852 5853 372.20
5854 5855 751.30
5856 5857 971.30
4820 5858 490.90
5859 5860 431.30
5861 5862 581.10
4831 5863 285.10
5864 5865 1015.50
5866 5867 757.80
5868 5869 624.60
5870 5871 307.30
4963 5872 879.90
5873 5874 113.90
5875 5876 138.10
5877 5878 235.10
5879 5880 392.40
5881 5882 109.90
5883 5884 219.50
5885 5886 877.60
5887 5888 130.90
5889 5890 143.70
5891 5892 738.90
5893 5894 687.00
5895 5896 705.50
5897 5898 353.50
5899 5900 684.60
5901 5902 735.40
5903 5904 110.10
5905 5906 588.80
5907 5908 196.90
5794 5909 88.80
5910 5911 190.10
5912 5913 204.40
5914 5915 349.60
5916 5917 876.60
5918 5919 230.80
5920 5921 121.60
5922 5923 400.10
5924 5925 115.00
5926 5809 136.30
5927 5928 51.50
5929 5930 115.10
5931 5932 706.70
5933 5934 1365.30
5935 5936 63.10
5937 5938 108.20
5939 5940 72.50
5941 5942 1546.80
5943 5944 169.10
5945 5946 434.10
5947 5948 75.10
5949 5866 1492.50
5950 5951 165.90
5952 5953 720.00
5954 5955 490.20
5956 5957 781.10
5958 5959 787.40
5960 5961 169.90
5962 5963 886.60
5964 5965 189.70
5966 5967 197.60
4807 4962 1240.60
5968 5969 939.00
5970 5971 232.00
5972 5973 386.40
4983 5974 285.00
5975 5976 24.90
5977 5978 888.60
5979 5980 462.20
5981 5982 329.50
5983 5984 512.00
5985 5986 441.60
5987 5988 170.00
5989 5990 200.90
5991 5992 330.10
5993 5994 47.80
5995 5996 98.70
5997 5998 239.00
5999 6000 168.40
6001 6002 567.80
6003 6004 84.90
6005 6006 61.60
6007 6008 1019.00
6009 6010 90.90
6011 6012 98.40
6013 6014 1276.90
6015 6016 798.90
6017 6018 592.80
6019 6020 337.90
6021 6022 644.00
6023 4962 287.30
6024 6025 349.00
6026 6027 198.80
6028 6029 22.00
6030 6031 254.00
6032 6033 446.20
6034 6035 133.20
6036 6037 387.80
6038 5962 727.10
6039 6040 635.40
6041 6042 631.50
6043 6044 314.50
6045 6046 77.90
6047 6048 224.40
6049 6050 304.10
6051 6052 295.10
6053 6054 678.60
6055 6056 350.00
6057 6058 112.10
5033 6059 267.40
6060 6061 85.00
6062 6063 585.30
6064 6065 114.70
6066 4998 234.00
6067 6068 718.60
6069 6070 785.50
6071 6072 220.90
6073 6074 313.50
6075 6076 314.00
6077 6078 628.90
5917 6079 493.60
6080 6081 366.70
6082 6083 236.80
5917 5073 495.40
6084 5917 4.60
6085 6086 408.10
6087 6088 303.80
6089 6090 364.10
6091 6092 299.70
4999 5087 467.60
6093 6094 1034.10
6078 6095 422.90
6096 6097 306.50
6098 6099 63.40
6100 6101 191.00
6044 6045 120.00
6102 6103 152.10
6104 6105 540.30
6106 6107 651.80
6108 6109 192.70
6110 6111 72.30
6112 6113 72.50
6114 6115 166.00
6116 6117 412.00
6118 6119 178.70
6120 6121 386.30
6122 5395 818.30
6123 6124 283.10
6125 6126 340.50
6127 5032 180.30
6128 6129 306.50
6130 6131 708.30
5098 6132 277.50
6133 6134 368.10
6135 6136 113.50
6137 6138 465.70
6139 6140 442.80
6141 6142 479.60
6143 6144 605.90
5050 6145 823.50
6146 6147 44.10
6148 6149 287.70
6150 6104 1087.40
6151 6116 778.10
6152 6153 466.80
6154 6155 137.70
6156 6157 610.70
6158 6159 150.30
6160 5111 557.00
6161 6162 123.40
6163 6164 438.00
6165 6166 106.70
6167 6168 136.00
6169 6170 188.40
6171 5950 589.70
6172 6173 246.10
6174 6175 566.30
6176 6177 487.30
6178 6179 319.70
6180 6181 501.90
6182 6183 145.90
6184 6185 65.00
6186 6187 790.30
6188 6189 347.80
4969 6190 393.60
6191 6192 262.90
6193 6194 266.10
6195 6196 800.10
6197 6198 606.60
6199 303 595.00
6200 6201 554.60
6202 6203 553.30
6204 6205 1189.40
6205 6206 167.20
6207 6208 115.90
6209 5309 77.90
6210 6211 152.00
6212 6213 151.10
5118 6214 114.20
6215 6216 159.70
6217 6218 294.40
6219 6220 215.00
6221 6222 154.10
6223 6224 221.90
6225 6226 347.90
6227 6228 317.90
6229 6230 157.30
5196 6231 68.60
6232 6233 446.90
6234 6235 421.00
6236 6237 206.00
6238 6239 171.40
6240 6241 580.60
6242 6243 89.50
6244 5202 134.50
5196 6245 597.30
6246 6247 920.70
6248 6249 48.80
6250 6251 155.40
5181 6252 630.50
6253 6254 275.40
6255 6256 16.00
87 9000 9959.00
4462 87 9959.00
100 4462 9959.00
95 100 9959.00
9000 100 9959.00
3393 3470 9959.00
3470 112 9959.00
112 147 9959.00
147 206 9959.00
206 113 9959.00
206 8 9959.00
194 3388 9959.00
3388 197 9959.00
197 3375 9959.00
3375 3310 9959.00
3310 3243 9959.00
3243 3286 9959.00
3286 3170 9959.00
3170 3127 9959.00
3127 3107 9959.00
3107 125 9959.00
125 91 9959.00
91 2967 9959.00
2967 2865 9959.00
2865 55 9959.00
2901 55 9959.00
117 91 5518.20
87 2866 5518.20
2866 92 5518.20
92 9000 5518.20
3013 3105 5518.20
3105 3148 5518.20
3148 3146 5518.20
3146 4461 5518.20
4461 3131 5518.20
4461 3013 5518.20
3210 2864 5518.20
2864 3086 5518.20
3086 137 5518.20
137 139 5518.20
139 3210 5518.20
201 212 5518.20
212 4210 5518.20
4210 4242 5518.20
4242 219 5518.20
219 217 5518.20
217 4258 5518.20
199 201 5518.20
198 199 5518.20
5 198 5518.20
214 221 5518.20
221 34 5518.20
34 321 5518.20
321 35 5518.20
35 209 5518.20
8 194 5518.20
203 228 5518.20
228 8 5518.20
209 203 5518.20
113 193 5518.20
193 3393 5518.20
113 8 5518.20
3055 3113 891.80
3113 100 891.80
77 2735 891.80
2735 2706 891.80
2706 77 891.80
2357 50 891.80
50 48 891.80
48 2264 891.80
2264 2357 891.80
